0
0
1
4
16
48
92
176
336
576
1272
2336
4416
7048
12096
23640
44264
79000
134584
229192
424224
766248
1380624
2332360
3994816
6888480
12145264
20723496
35238744
56962280
95396440
152972208
252495504
389219368
614087360
915772312
1400730592
2032431800
2992236536
4171923032
5890995080
7869608304
10610535264
13509275152
17302785960
20873892320
25123155872
28364058320
31611013408
32983574360
33466718288
31890889376
28929716560
24924973648
19761878880
15228692592
10235245968
6975721632
3785568608
2256062816
915323136
482402048
128414144
63596160
8776448
5374464
